189.16000000000003 , 122.88
189.07063817459849 , 134.08822851734882
187.60627703736995 , 145.21115564796725
185.17806126077417 , 156.16412920018416
181.8044710330678 , 166.863790431681
177.87370452772785 , 177.39775576455023
173.1102897900848 , 187.63
167.69551137085566 , 197.6170096565413
160.54577760546715 , 206.4423892592501
153.37885630108178 , 215.29885630108174
144.9723405860307 , 223.00200871565045
96.63645434103508 , 173.8312571547753
90.46000000000001 , 173.97549882328187
85.51412100713463 , 175.53648242682937
81.07078442754933 , 178.1339261022114
75.9715046159462 , 178.90369792476596
71.03159430468196 , 179.99884967470805
66.01503307936417 , 180.65929248932125
60.96 , 180.88
55.90496692063582 , 180.65929248932125
50.88840569531804 , 179.99884967470805
45.92261347954354 , 179.00029050739488
41.08862967277865 , 177.47614126766126
36.02552255729874 , 176.35215943516235
31.460000000000015 , 173.9754988232819
26.029195026221288 , 172.7663594971996
20.97861067749725 , 170.52796436200043
16.977958210196746 , 166.86204178980324
13.312035637999571 , 162.86138932250276
7.797032325644423 , 160.10511071918287
4.754951294389926 , 155.32999999999998
4.225132531505714 , 149.33590318496778
2.3231804629593142 , 144.22205694352175
0.686228439562143 , 139.0303084143973
0.09888086384554384 , 133.61145737981627
-0.6048323420698765 , 128.26622490180526
-0.8400000000000034 , 122.88000000000001
-0.6048323420698765 , 117.49377509819473
0.19736163914676297 , 112.16590743795038
0.8794136048199519 , 106.78145539462321
2.323180462959307 , 101.53794305647827
3.5000863018763795 , 96.08600220563966
5.44777161741748 , 90.82999999999998
8.452353961075623 , 86.11375042989793
10.554275642771252 , 80.5845752826257
14.432373797925166 , 76.35237379792517
-28.06608394158571 , 16.78284462802155
-18.48033643461992 , 9.427441865974657
-8.090000000000053 , 3.2818917373690653
2.5964180536094474 , -2.2811053897613647
16.599987410660788 , 1.001867084067655
27.62410699079534 , -1.5312464260320127
38.733033258632915 , -3.175392385562631
49.88250509677263 , -3.7363461274608767
60.95999999999998 , -4.02000000000001
72.02006375467779 , -3.5371071878425226
83.36061491903396 , -4.160200138574851
124.64415068723957 , -52.09076599033614
138.84854563881095 , -44.152525150854586
148.76000000000002 , -29.194060904547456
161.56530693597347 , -20.799268568289165
173.704946739019 , -11.484195323068775
185.05724009823905 , -1.2172400982391167
162.2310753803289 , 37.903477999439446
168.187002597429 , 47.798844481648004
173.11028979008478 , 58.12999999999994
177.87370452772785 , 68.3622442354498
181.8044710330678 , 78.89620956831902
185.371246426032 , 89.54410699079533
187.60627703736995 , 100.54884435203275
189.07063817459849 , 111.67177148265114
97.8081311847893 , -0.01944653614404301
97.5090344548005 , 6.830994843821889
120.74181052034795 , 17.883680581316476
118.69849129256333 , 26.638915109415596
115.24471702910914 , 34.9350121117393
112.55783324956424 , 43.510234423148
107.80252999193739 , 51.130553463855954
103.66270695098436 , 59.116284051648805
98.72354438053922 , 66.70190734931873
93.5957645656141 , 74.36818684468075
18.763636896776234 , 5.0611464241238595
-19.14536469174291 , 3.3360495596407977
-20.091868815210713 , -0.0194465361440382
-20.54003726907136 , -3.496960671775595
-22.153794441723445 , -7.312669998155123
-21.843716432496112 , -11.019255953001178
-20.916743722769002 , -14.623706656150096
-19.491211321675667 , -18.065246312471903
-17.771153556806237 , -21.369446536144046
-15.769661106350657 , -24.511160368333716
-33.265913168860706 , -44.050397799671984
-31.208582313811558 , -50.43616003474488
-28.10103688814002 , -56.40031754970082
-23.00709453064773 , -60.309036995813834
-12.44186881521074 , -54.838854595699
-6.444797302871148 , -55.0323292092687
-1.4840874864136566 , -56.8708500936915
3.7307522876585573 , -57.78181094823034
9.970048132908596 , -52.411218996393515
14.649885839086764 , -52.12042924634234
19.20813118478928 , -51.519446536144045
23.80123882759086 , -52.51890712557904
28.220471605702958 , -51.13096891747765
32.744367243651105 , -50.53736725106233
37.54041086704515 , -50.38697101026873
41.90273184026486 , -48.68817470001215
46.0581311847893 , -46.5250107193684
50.009185816840464 , -44.00791131446291
53.725825824956445 , -41.15603313163317
57.17976533450688 , -37.99108068586166
23.72779339919126 , -3.8118934332946264
23.713467428378745 , -3.1741169360747983
23.62486074408993 , -2.5694465361440453
23.37714700515788 , -1.9634905401512597
23.53071724040447 , -1.5927391954421188
23.651389985719007 , -1.2100141436156382
24.230650725151552 , -0.905052242245388
25.08567990353059 , -0.5336654183552271
80.64376751121169 , -0.04995494302483848
80.483944831065 , 3.610586252376805
81.48290476724274 , 7.503740785486631
96.88909483644252 , 15.556833476657163
95.87104811707351 , 20.779071785508386
128.281595456708 , 0.006870333128734501
127.5671980788991 , 9.49813071834871
126.72108286094235 , 18.98661615212422
124.56069568747427 , 28.269910058324
122.7296915293937 , 37.73169214194999
120.49743682610914 , 47.297853821913
117.72188894775557 , 56.95687033312873
113.44791095879985 , 66.08287580076924
108.93860863456413 , 75.40585694935979
40.50978058080722 , 121.5321470548352
29.697164923372767 , 121.34338456070336
19.081595456708012 , 121.00687033312873
8.535750584241358 , 120.54642880222994
-2.051387765357415 , 119.85797387471445
-12.442564236779038 , 117.65663597513726
-22.884276129351544 , 115.30715490355969
-34.12604369644605 , 114.11102072104298
-133.2365738815199 , 13.332983399245673
-133.41840454329198 , 0.006870333128753177
-132.83809600228318 , -13.284380435889101
-135.6317025415099 , -27.273258378346046
-135.17675900165622 , -41.326531169743845
-119.94601907471413 , -64.82277101789454
-67.34383906926497 , -185.3330721158662
-50.143281552407316 , -190.18691611393913
-33.30337927204218 , -195.4965169077787
-15.943241978711843 , -198.62885344943362
1.4935665702305698 , -201.02521974178552
19.08159545670797 , -201.79312966687127
36.63476204608631 , -200.6267418625488
54.00224398552763 , -198.03796879762632
71.3112787583966 , -194.91696141200526
88.101260379828 , -189.62310054146755
104.78857893772188 , -183.79234887790386
59.28159545670802 , -69.62157213114014
65.19714093933212 , -65.85295402770622
69.99037414388192 , -60.66384956189434
75.08445252668255 , -55.99598673684585
79.75231535173104 , -50.901908354045204
83.95843736439613 , -45.42038342587415
89.05644808249063 , -40.39312966687131
93.30820321500964 , -34.60556530343454
23.874027822716137 , -1.7374323978321755
24.007817170782253 , -1.313106796894121
23.907153446467824 , -0.8440057374392245
23.464852128311684 , -0.37661493496096216
125.7680790958656 , 0.0006986779452961486
125.93435411851169 , 7.644257316914918
124.93571903503624 , 15.229643859335086
123.37636664404582 , 22.72501083794662
121.07309120086839 , 30.03006726193901
119.50136447823846 , 37.74050945138976
116.59696797684353 , 45.05069867794529
113.60240635273726 , 52.54030024770112
60.16991239763175 , 122.51078315266398
49.29695102810233 , 122.63226601303919
38.56807909586561 , 122.3006986779453
27.943794054926066 , 121.43683237532908
17.417731056033492 , 119.95028299483224
6.914509879827303 , 118.13342723309836
-3.397792490193943 , 115.30098324837626
-13.498490750588552 , 111.65781804086058
-133.77360367400635 , 15.078642173290163
-132.8319209041344 , 0.0006986779453171391
-132.17969215705958 , -14.937795629003276
-131.4097390740415 , -29.970976787366908
-130.27575533946353 , -45.24087040597534
14.784937537463644 , -28.34294571745689
17.34575095087689 , -30.307926960747395
20.06807909586559 , -32.042241262078925
22.931203411459737 , -33.532689442410756
-31.067222085240523 , -191.32071891406568
-13.66160420582306 , -194.9231330671887
3.716889838112685 , -197.65021735160485
21.075921526410593 , -199.93557722906803
38.56807909586557 , -200.3993013220547
55.999227645397184 , -199.2382409404038
73.2977146292516 , -196.96085192449632
90.33188811636967 , -193.18446657986837
106.97210776099939 , -187.93782547923635
123.09173144400552 , -181.26085872938467
138.56807909586564 , -173.20438207894242
153.28336636607483 , -163.82971017985304
167.12560103317347 , -153.2081899458503
179.9894353331751 , -141.42065755936423
191.77696771966117 , -128.5568232593626
202.39848795366393 , -114.71458859226401
43.33121881668002 , -2.7493013220547065
43.55277192456718 , -2.3237017616285494
42.89066515148079 , -1.5725939813527796
43.01133789679532 , -1.189868929526299
43.098194759721764 , -0.7980829393225838
42.95133576746929 , -0.3827865901444005
127.95565484801467 , 0.049838713656949994
128.08852265405523 , 6.168171854542553
126.89523600826679 , 12.170481514808687
126.35001818402291 , 18.322463297894917
124.49795387549982 , 24.196460832449162
122.14098461280217 , 29.886687992550335
121.89512456654937 , 36.84983871365695
118.44524530768447 , 42.26506442909395
114.53652586157146 , 47.35900678658625
58.155654848014684 , 129.74983871365697
46.81669271654434 , 129.65476893539304
36.084971466547834 , 125.2189041215086
25.363281833525285 , 122.43264090448191
14.68489463132218 , 119.48477081554593
3.173018995549697 , 117.96048180712512
-133.74434515198533 , 0.049838713656973496
-133.0141077157913 , -16.67534831961861
-130.82895295502806 , -33.273246580627
132.02762179082728 , -42.60016128634309
62.777824561901596 , -2.1055144212206165
63.32396426233717 , -1.8312720746342273
62.59891364894439 , -1.1407288938146452
63.17817438837694 , -0.835766992444395
64.03320356675597 , -0.4643801685542341
128.360573653839 , 0.06858657185569758
128.17335279995288 , 4.356649115040479
128.00703820324452 , 8.681536184135442
127.07049463777679 , 12.906011208940726
126.14520469313442 , 17.16959373813913
124.47596300567149 , 21.19949965889067
122.46184384306093 , 25.068586571855693
120.11817586828857 , 28.747408389408
104.13362249951768 , 21.023462647636876
181.68161019141684 , 0.011644632421582922
181.06286810113465 , 14.183168403190802
179.11287005590063 , 28.22947350329776
176.04455696339042 , 42.06973946158121
171.87563033120554 , 55.62411993717533
166.9910410357981 , 68.98294494850373
159.98394338714502 , 81.36164463242157
152.93105422823808 , 93.7340343321825
44.05465903709549 , 20.96652070820276
32.51663903396121 , 13.446673474965984
40.036486267197986 , 24.984693478100265
37.78020201646091 , 26.716001276242714
35.38161019141681 , 28.24407279579428
113.19869708107058 , 201.84638880548354
70.0084095326089 , 139.93187586744335
57.38682886658987 , 142.9686669232037
44.538433037388806 , 144.3844612240113
31.85864207822349 , 146.05378737267148
19.081610191416818 , 146.6116446324216
6.356871750258705 , 145.45607055381643
-6.271023747955017 , 143.79357657220396
-18.70597039355124 , 141.03681527062557
-30.85333073413082 , 137.20676726716422
-42.95875063211786 , 133.05762776940182
-54.81838980858317 , 128.01019931176162
-65.92241767580825 , 121.40997759605015
15.032048250391608 , 4.837724624071146
13.990441366873664 , 5.102813456964726
178.73098121905625 , -0.031673400186705544
178.123274504308 , 13.887098716614306
176.30477937510588 , 27.699940573222072
173.8688911731939 , 41.45701952974737
169.09989275856583 , 54.588943488922595
164.31211948103123 , 67.71403395684742
158.3744686879724 , 80.41832659981328
151.48786678058622 , 92.71563635777746
143.58980767020208 , 104.48559193484459
136.9763923209724 , 117.91373770172942
160.76564915493816 , 168.88112630754793
145.50458543446192 , 180.59135236553598
94.58098121905626 , 130.82476511164194
82.2124113492908 , 135.46134076179246
69.85517451725063 , 139.60665004859925
57.33619989422931 , 142.9253488905954
44.67881706046187 , 145.4244317197164
31.86030655151152 , 146.60818615891824
19.03098121905625 , 147.2683265998133
6.201655886600946 , 146.60818615891824
-6.530030533515902 , 144.9320278432103
-19.222473647096347 , 142.73216372533759
-31.65640402180787 , 139.23077300028493
-43.939139780307954 , 135.00818686827415
-55.66901878094373 , 129.35252192520844
-66.71869601542515 , 122.43155722101756
-78.99412925814102 , 116.79010417545744
-130.509803641991 , 69.70033978702871
-84.0532992811579 , 37.48793632263917
-87.02767450748345 , 28.386657752070107
-88.116102308672 , 18.86124832997531
-88.95652405408897 , 9.416009113659443
-89.26901878094377 , -0.031673400186692284
-88.8569045842798 , -9.470640339758061
-87.52521765686467 , -18.82040622374858
-85.57878576804987 , -28.06177598478971
-82.64376034997905 , -37.038252908024056
-79.03152133830929 , -45.75896932053037
-74.67296747042002 , -54.13167340018672
-18.158521591663995 , -26.072043610524204
-14.4451609452431 , -28.121491943488472
-10.667503590778761 , -29.7301582100217
-6.616244407436689 , -30.596846680633927
-3.2811421549994684 , -31.89668792302848
0.030981219056222642 , -32.940638743995365
2.9714872729096733 , -34.47136930757941
6.30783188734137 , -34.9882388934225
9.402912741242472 , -35.96411413814005
12.571269009846432 , -36.666521812240845
15.788787588843354 , -37.09011616919964
19.030981219056233 , -37.23167340018671
22.273174849269115 , -37.09011616919964
25.490693428266034 , -36.66652181224085
28.762577314911006 , -36.35048446865568
31.890938608101393 , -35.364115941736856
35.090475165202825 , -34.4713693075794
38.280981219056244 , -33.37365144588759
41.45781988038215 , -32.060518331886286
44.99960065039243 , -30.979868902193424
48.44662331641661 , -29.447315497547088
50.592012275558126 , -26.51452291927214
52.7800454437627 , -23.663022577849823
54.71122785497511 , -20.631673400186724
166.12473505510454 , -68.62261728070219
170.79133947598044 , -55.26792654728219
174.44844666896734 , -41.675657757182286
176.69870247631076 , -27.832746644662265
178.123274504308 , -13.95044551698774
178.21626585232795 , -0.013158434636390054
177.58466517574482 , 12.162498827211458
175.79694739753097 , 24.21076234990039
173.4526963675397 , 36.16974407069601
169.78529423819793 , 47.801257602292104
165.20872525875527 , 59.111136382887466
160.17943762442002 , 70.28684156536359
153.91670409707578 , 80.8611190908611
146.42853233210383 , 90.61989453116564
139.46182488388558 , 101.03240059692124
131.23479669106422 , 110.60365915174404
157.0318728897243 , 169.38748432432712
141.81626585232797 , 179.08089506798552
125.98276968500087 , 187.77381503935752
109.28283954940653 , 194.69115259220385
77.18735880868556 , 144.68253034346606
64.42876286683412 , 147.51104296659238
51.402471521729 , 148.4198515810337
38.416265852327946 , 148.98684156536362
25.369051163003498 , 149.11718786969794
12.42113365558847 , 147.4125621912912
-0.5360004356014514 , 145.3586784218684
-13.057765718185202 , 141.41058099364284
-25.694924453736164 , 137.47373285882344
-37.93373414767204 , 132.22892072324743
-49.627717127557645 , 125.72668036372383
-60.31591099552452 , 117.65126802843865
-72.24594540336673 , 110.6490528210583
-82.61875616047057 , 101.54728389583684
-129.97572097908164 , 78.50931459678557
-88.72414574000547 , 46.26216695732661
-90.82460970514938 , 34.61682980008093
-92.9570883995006 , 23.151508466132107
-94.07762899387421 , 11.57855535080215
-94.18373414767206 , -0.013158434636373815
-94.07762899387421 , -11.604872220074895
-92.56316529829573 , -23.108366064338146
-1.1866930255238586 , -10.624739283839743
1.1104688071273685 , -13.591358124665437
2.0733235921582676 , -16.960150730438432
-15.017501561171926 , -30.8631584346364
5.404438467481569 , -23.128288819583553
7.697883683256919 , -25.788941583066617
9.35417714556083 , -29.075247141403494
10.326447309026161 , -33.48930059893573
16.390930696447754 , -31.46859693533367
19.61626585232792 , -32.575713616931274
22.56808103705172 , -33.999700448510765
25.624712491947935 , -35.15766245202936
28.839961183534676 , -35.752414007331915
31.991283278651515 , -36.45104529608808
35.191503370664584 , -36.872362264030976
38.41626585232793 , -37.01315843463639
41.64102833399128 , -36.872362264030976
44.84124842600435 , -36.45104529608809
47.99257052112119 , -35.75241400733192
51.20781921270796 , -35.157662452029356
54.30671249377824 , -34.09033122721443
57.51626585232795 , -33.09532885920194
61.30196566273468 , -32.69732500176717
64.51344280560143 , -31.114562825266905
67.83190794968831 , -29.428800531996774
70.28371468607742 , -26.75312299759644
72.49299089475 , -23.873938186839926
74.44292264976058 , -20.81315843463641
166.4775561606066 , -59.72911881859719
171.1948331693768 , -48.34060468655336
174.03225186331315 , -36.351352367030294
176.09238972343462 , -24.28917367247326
177.58466517574482 , -12.188815696484259
177.67985632470737 , -0.012809095663742442
177.22474221648014 , 10.411017736956175
175.86286358496747 , 20.755512953301128
173.60458514887995 , 30.94194869859774
170.46709377070204 , 40.89280004608624
166.8367907691054 , 50.70138231322019
162.00290477884002 , 59.98719090433625
157.0334232748176 , 69.27522441554262
151.4606739409108 , 78.3430005251254
144.84185837629678 , 86.74919295592564
183.03776764777064 , 148.90623064666556
169.46840026408057 , 159.06651790525848
134.4298563247074 , 132.22927006222002
121.97973749990115 , 137.02092830427773
109.75909998121594 , 141.974745905087
97.0062407081265 , 145.26243517821212
84.21390706358041 , 148.20075773267357
71.13578658830657 , 149.21715667847974
58.079856324707386 , 149.78719090433626
45.02392606110817 , 149.21715667847974
32.04999449243452 , 147.60987308086624
19.179353845798495 , 145.16584259558323
6.674228782859366 , 141.2229918084583
-5.439668414919737 , 136.20525129594475
-17.120143675292596 , 130.23741163351582
-28.587543207935695 , 123.7610647964029
-39.55958158667795 , 116.34934181410902
-50.390323909309004 , 108.45737113835266
-68.0110590126764 , 105.79003145874067
-77.08023098297627 , 94.62730290225883
-137.37620879876155 , 71.1273807160754
-140.41790097769615 , 53.17450467290433
-92.39876833555803 , 26.52063245184321
-94.13869354371136 , 13.304588396178431
-94.72014367529263 , -0.01280909566372373
-94.13869354371136 , -13.330206587505877
-92.39876833555803 , -26.54625064317072
-89.51360993226228 , -39.56035918732892
-85.50517613137944 , -52.27348699582591
-80.40397353449276 , -64.5888794896426
-74.24882537355484 , -76.41280909566376
-67.08657604265058 , -87.65528857010361
2.4650297542695654 , -46.679189558906494
6.743904010564009 , -51.34876140980709
31.59700680562195 , -31.573840152165634
36.51338231790803 , -30.812925960929824
39.37985632470736 , -32.40215919720173
42.27393333560523 , -33.90872033083445
45.42511102165764 , -34.78143606474235
48.60707927395512 , -35.36569433784364
51.72433302209773 , -36.05677285591056
54.889956140143084 , -36.47353504582163
58.07985632470737 , -36.61280909566374
61.26975650927166 , -36.47353504582163
64.43537962731702 , -36.05677285591056
67.55263337545962 , -35.36569433784365
70.73460162775713 , -34.78143606474235
73.71673200911326 , -33.54619721601979
76.77985632470738 , -32.40215919720174
80.04783383695245 , -31.38633239193213
83.8556394731376 , -30.731191264734765
86.92981299711852 , -28.86276576807489
92.01562515487811 , -28.488300204777445
94.3682918867097 , -25.422245226015104
170.57655627630592 , -64.9628090956638
168.46814478577136 , -51.48771337568091
172.53441753643102 , -41.67086255273018
175.7296219667159 , -31.536968789150762
176.0598251355699 , -20.815860780162
177.4239811560985 , -10.45406707683321
177.33528220696547 , -0.07848469185459195
176.5631236803382 , 8.445346948866376
175.44948045155945 , 16.904307083971197
173.989198348552 , 25.337545537212947
171.13118978190593 , 33.405287339728375
168.1347068939645 , 41.4226286110821
164.8717971816249 , 49.4215153081454
160.88665622700688 , 57.16444365597981
155.73972651886328 , 64.20027627679933
208.5358231641037 , 129.3220562652836
196.70113601863352 , 140.0310439546065
183.81298184103142 , 149.41676339088642
157.28528220696552 , 135.2812859196532
144.85242190764424 , 140.85237619234448
131.5669701787905 , 143.97639407462518
118.70871420314091 , 147.61157414774397
105.68608857223914 , 150.49862074371202
92.46139527308242 , 152.23968464637332
79.1352822069655 , 152.42151530814542
65.8440314379476 , 151.8412067671366
52.65393511275862 , 150.10469764250715
39.56185021079005 , 147.61157414774397
26.840402292470735 , 143.60051702631083
14.34790268211627 , 138.8584990608639
2.2852822069655048 , 133.02961986981367
-9.596992496541361 , 126.64433655965243
-21.332421187040623 , 119.65426176764167
-42.27495212276473 , 121.33174963787563
-52.930779786746314 , 110.73809921810481
-62.741851863887916 , 99.26495408414657
-71.55313805152684 , 86.92151530814539
-77.8372265077823 , 73.11899824163456
-83.80741823731103 , 59.227808160816394
-88.9358115673324 , 44.95602915598407
-5.459703776783186 , 14.83789376973472
-5.4416476610237225 , 7.321037867421589
-5.764717793034521 , -0.07848469185458155
-5.4416476610237225 , -7.478007251130752
-4.474896023770981 , -14.821214975776991
-3.2581907754920536 , -22.155749239099617
-1.7722524427012445 , -29.526419032194664
-1.2542185031853705 , -37.56472450825462
1.6260085682582286 , -44.8284846918546
5.411598220956222 , -51.700363963448744
9.961468993321759 , -58.12220584654909
49.43679739713048 , -29.776969501689585
54.45223799500236 , -29.494591307623345
57.68352348743635 , -30.714771148262876
60.63528220696547 , -32.12142463187881
63.6674538272559 , -33.249349697395985
66.75415301857629 , -34.09535756430448
69.79191467876448 , -34.94840702088996
72.8665829931893 , -35.6300445755953
76.02382219087409 , -35.64263541372991
79.13528220696548 , -35.778484691854594
82.28160452015594 , -36.04111329296661
85.40398142074166 , -35.630044575595306
88.50453163967671 , -35.04499960351887
91.48220938102213 , -34.001388302225884
94.60311058667509 , -33.24934969739598
97.63528220696548 , -32.12142463187882
100.58704092649461 , -30.714771148262884
103.68976889699128 , -29.341382418999558
106.28818260452891 , -27.231385089418026
109.08761993291752 , -25.21148023059829
111.81944877409626 , -22.96418450226135
170.4143597658453 , -52.77848469185464
172.57561505044413 , -43.65042747732068
175.92362214791405 , -35.30655945439846
178.62564231473954 , -26.73684633741422
176.04036510336675 , -17.165465374280544
177.16084049919326 , -8.654609778224172
176.54571120811363 , -0.11795973196459021
176.2488976592698 , 6.680188202352746
174.67135051595733 , 13.305044401689125
173.88792565866098 , 20.06992578603203
171.8417356294145 , 26.55961144743757
169.23771859697234 , 32.84626468380997
166.44210286481365 , 39.082040268035406
163.09489229808622 , 45.07986345249785
159.3696399917605 , 50.91937647714663
155.39709641551207 , 56.73342547543383
211.41921546906997 , 134.39944447972798
199.32309107499248 , 143.8070544496113
186.14571120811365 , 151.60969101106906
172.4193833603879 , 158.30464144204183
152.34547975324136 , 147.6956895176588
139.05089176665814 , 151.0494320822746
125.60009728862141 , 153.31508818733744
112.11586035392402 , 154.9895547609202
98.54571120811366 , 155.58204026803543
85.03657108222662 , 154.29221847225597
71.5086899453726 , 153.2166074120362
58.24758588565114 , 150.27669142124336
45.29317489230702 , 146.19218132440136
32.152382288649775 , 142.26299361149316
19.59571120811367 , 136.62745152559827
-6.934995436843749 , 150.52410121278098
-19.92004525711556 , 141.06403113486306
-31.77406856456706 , 130.20182004071614
-43.01930188027349 , 118.66919053810791
-52.91550178092096 , 105.93632334934381
-62.70821897654885 , 92.9820402680354
-102.92650985013366 , 93.83007985299291
-101.58980363851803 , 17.391628986039944
-101.95428879188636 , -0.11795973196456566
-103.08409568565567 , -17.758282064090558
-16.0028192656886 , -41.8102152033636
-10.755007908506357 , -51.085722097892926
-8.062015997750748 , -61.66795973196461
-0.9812621729988535 , -69.8074967486167
4.552058037415037 , -78.98799944050296
11.783709156524239 , -86.87996178355397
19.675671499575245 , -94.11161290266318
77.0939524885845 , -30.754246188372875
80.24571120811362 , -31.814489510475035
83.07788282840406 , -33.28882473750598
86.33559209138727 , -33.664986294021524
89.40939891599467 , -34.21514139996871
92.50275462530446 , -34.389269536789435
95.51269136049514 , -34.78553522555734
98.54571120811364 , -35.417959731964594
101.58744663000691 , -34.88515469536651
104.67549187975628 , -34.88167341329554
107.68202350023262 , -34.21514139996871
110.75583032484003 , -33.66498629402152
113.54865949990848 , -32.29188617176566
116.39571120811365 , -31.03506664706905
119.53860877856192 , -30.09892455294169
122.3288527665156 , -28.46160412736678
125.13292618072782 , -26.705174704578784
127.9618178238824 , -24.801003943927714
130.5745561398132 , -22.54479839329051
132.4073044960852 , -19.667959731964608
170.687811056231 , -33.75837336652425
172.59348972604323 , -27.069147026027277
173.88792565866098 , -20.3058452499612
175.36071594306588 , -13.66251758998516
176.2488976592698 , -6.916107666281939
